11.6169 -2.86637 5.04415
-13.2549 1.65934 10.0048
-10.1196 15.1511 -0.457273
10.0228 -2.05302 11.0411
-11.7826 10.1476 -1.12869
12.1178 7.2241 16.6385
-12.3149 6.10288 -5.44508
-10.3236 -6.38604 11.3297
-12.9541 3.95567 13.5323
-14.5784 7.27319 3.31574
-15.108 -0.10119 10.7113
-12.665 8.16391 13.9026
13.4099 2.64953 6.19686
3.69332 -2.59284 17.5481
-13.068 4.50046 -4.10433
0.666755 15.879 -5.58574
-3.20272 -13.7339 -3.56385
-6.12233 -17.861 -5.59965
11.363 -4.07097 8.74036
-14.5768 -7.67294 1.23108
6.71851 -4.17052 -4.87673
1.79594 -11.7269 9.0216
-10.1023 11.9602 -3.04279
