-34.0638 34.2353 77.2522
-85.6913 -97.6736 -58.5276
38.0032 95.9679 46.0112
89.6246 38.1069 98.115
-66.2685 6.31065 16.7289
43.6529 87.5931 -68.2385
-19.1595 76.7307 -4.69147
-17.6184 -73.6336 -65.7064
56.3756 12.7122 -95.0288
-64.4886 -57.149 -46.588
-90.6937 94.4226 -14.1469
88.6765 -68.214 83.4709
-49.1837 -89.2243 52.6323
-68.6151 67.6623 85.5945
87.4945 -26.6107 38.1552
0.589251 39.87 22.673
65.7864 -73.1228 42.2222
-84.1793 -8.59325 48.5692
-16.255 86.7273 -25.3907
14.4222 14.497 -53.1577
-55.9275 25.1766 -16.6214
94.8684 -4.46568 24.4118
-55.7955 -94.5723 54.5969
